0.04252696572417516
0.04085933526442503
0.03931744195628154
0.0378874793571863
0.036557620528911025
0.03531766812944973
0.034158778083481986
0.0330732388897799
0.032054293594777454
0.031095994894599712
0.03019308624641175
0.029340903603756706
0.028535293652976444
0.027772545360640905
0.02704933233862362
0.02636266406142398
0.025709844373274657
0.02508843603378859
0.0244962302930766
0.02393122067740635
0.023391580316575896
0.02287564226402643
0.022381882356466824
0.02190890423710068
0.021455426229060885
0.021020269796963215
0.02060234937611827
0.020200663383399146
0.019814286252533606
0.019442361359237256
0.019084094722925778
0.01873874938661097
0.01840564039138028
0.018084130273337433
0.017773625020342566
0.017473570435074054
0.017183448857209235
0.016902776204153855
0.016631099294584898
0.016367993424139977
0.016113060165470986
0.015865925369157367
0.015626237344292207
0.015393665200048643
0.015167897332222204
0.014948640039700565
0.014735616258380454
0.014528564400930956
0.014327237292245954
0.01413140119150662
0.013940834892790419
0.013755328896727249
0.013574684647256275
0.013398713827061247
0.01322723770671953
0.013060086542884422
0.012897099021180766
0.012738121740004922
0.012583008731768772
0.012431621018459335
0.012283826198679366
0.012139498063599855
0.01199851623949111
0.011860765854712444
0.011726137229231312
0.011594525584914481
0.011465830774988835
0.011339957031209158
0.011216812727396193
0.011096310158122298
0.010978365331425504
0.010862897774525902
0.010749830351603432
0.010639089092772887
0.010530603033462163
0.010424304063463242
0.010320126784983709
0.010218008379078955
0.010117888479894257
0.010019709056188835
0.009923414299655669
0.009828950519586257
0.009736266043464425
0.009645311123103515
0.009556037845969796
0.009468400051361202
0.009382353251134177
0.009297854554693324
0.009214862597979314
0.00913333747620837
0.009053240680134578
0.008974535035621508
0.00889718464632475
0.00882115483929997
0.008746412113364143
0.00867292409004854
0.00860065946699334
0.008529587973643022
0.008459680329111452
0.00839090820209358
0.008323244172708869
0.008256661696168765
0.008191135068167292
0.008126639391900307
0.008063150546624685
0.008000645157674275
0.007939100567854513
0.007878494810142326
0.007818806581622442
0.007760015218595248
0.007702100672811318
0.007645043488678934
0.007588824781631659
0.007533426217283312
0.0074788299915641
0.007425018811695803
0.007371975877979863
0.007319684866357764
0.007268129911706174
0.007217295591830725
0.007167166912124738
0.007117729290860802
0.00706896854508512
0.007020870877085829
0.006973422861408364
0.006926611432392276
0.006880423872205084
0.006834847799350393
0.006789871157628348
0.006745482205527919
0.0067016695060313465
0.006658421916812263
0.006615728580809811
0.006573578917162124
0.006531962612483242
0.006490869612468376
0.006450290113813246
0.006410214556433818
0.006370633615973564
0.006331538196585867
0.0062929194239798635
0.006254768638718675
0.006217077389759219
0.006179837428223751
0.006143040701393257
0.006106679346913704
0.006070745687206368
0.006035232224073847
0.006000131633493828
0.00596543676059314
0.005931140614794718
0.005897236365130615
0.005863717335714539
0.005830577001367534
0.005797808983390861
0.005765407045480287
0.005733365089776336
0.005701677153045178
0.005670337402985326
0.005639340134655052
0.0056086797670162345
0.005578350839590033
0.005548348009220265
0.00551866604694049
0.005489299834940923
0.0054602443636314005
0.005431494728797072
0.005403046128843202
0.005374893862125952
0.005347033324366078
0.005319460006142427
0.005292169490462461
0.005265157450407068
0.005238419646846971
0.005211951926228253
0.005185750218424534
0.005159810534653521
0.005134128965455666
0.00510870167873273
0.005083524917844323
0.005058594999760267
0.005033908313267062
0.005009461317226405
0.004985250538884246
0.004961272572228465
0.004937524076393696
0.004914001774111625
0.004890702450205335
0.004867622950126235
0.0048447601785320486
0.004822111097904784
0.004799672727207088
0.0047774421405759404
0.004755416466052436
0.004733592884346472
0.00471196862763522
0.004690540978394395
0.0046693072682611435
0.004648264876927678
0.004627411231064663
0.004606743803273346
0.004586260111065658
0.004565957715871373
0.004545834222071412
0.004525887276056642
0.004506114565311257
0.004486513817520079
0.0044670827996990126
0.004447819317347963
0.004428721213625543
0.004409786368544951
0.004391012698190317
0.004372398153952989
0.004353940721787133
0.004335638421484053
0.004317489305964758
0.004299491460590163
0.0042816430024884755
0.004263942079899216
0.004246386871533445
0.004228975585949723
0.00421170646094529
0.004194577762962124
0.0041775877865074225
0.004160734853588053
0.004144017313158654
0.0041274335405829645
0.0041109819371080245
0.004094660929350855
0.0040784689687973505
0.0040624045313129775
0.00404646611666495
0.004030652248055659
0.004014961471666918
0.00399939235621486
0.003983943492515094
0.0039686134930579185
0.003953400991593277
0.0039383046427252195
0.003923323121515616
0.003908455123096856
0.00389369936229331
0.003879054573251355
0.0038645195090776744
0.0038500929414856675
0.0038357736604497216
0.0038215604738672058
0.003807452207227894
0.003793447703290708
0.0037795458217675425
0.003765745439014036
0.00375204544772705
0.0037384447566487207
0.003724942290276996
0.0037115369885822986
0.003698227806730355
0.003685013714810937
0.0036718936975724155
0.003658866754161919
0.0036459318978710282
0.003633088155886839
0.0036203345690482506
0.0036076701916073653
0.0035950940909958953
0.0035826053475964035
0.0035702030545183097
0.0035578863173785324
0.003545654254086634
0.0035335059946343906
0.003521440680889673
0.0035094574663945247
0.0034975555161673444
0.0034857340065090783
0.0034739921248133324
0.0034623290693802946
0.0034507440492344
0.0034392362839456383
0.003427805003454416
0.0034164494478999014
0.003405168867451773
0.0033939625221452727
0.0033828296817195215
0.0033717696254589907
0.0033607816420380622
0.0033498650293686473
0.0033390190944507345
0.003328243153225827
0.003317536530433238
0.0033068985594691077
0.003296328582248161
0.0032858259490680672
0.003275390018476428
0.003265020157140231
0.003254715739717844
0.0032444761487333534
0.003234300774453322
0.003224189014765823
0.003214140275061746
0.003204153968118308
0.003194229513984746
0.003184366339870099
0.0031745638800330833
0.00316482157567397
0.003155138874828485
0.0031455152322636105
0.003135950109375288
0.0031264429740880165
0.0031169933007562495
0.0031076005700675408
0.0030982642689474913
0.00308898389046638
0.003079758933747445
0.0030705889038768314
0.003061473311815125
0.0030524116743104826
0.0030434035138132472
0.0030344483583921392
0.003025545741651842
0.0030166952026521063
0.003007896285828238
0.0029991485409129543
0.002990451522859638
0.002981804791766871
0.002973207912804355
0.0029646604561399956
0.002956161996868348
0.0029477121149402282
0.00293931039509352
0.002930956426785222
0.002922649804124582
0.002914390125807391
0.0029061769950514097
0.0028980100195328453
0.0028898888113239166
0.002881812986831463
0.0028737821667365773
0.0028657959759352393
0.0028578540434799587
0.0028499560025223455
0.002842101490256667
0.002834290147864311
0.0028265216204591795
0.0028187955570339665
0.0028111116104073013
0.0028034694371717947
0.0027958686976428783
0.002788309055808518
0.0027807901792797035
0.002773311739241769
0.0027658734104064678
0.00275847487096485
0.00275111580254084
0.0027437958901456246
0.002736514822132709
0.002729272290153709
0.0027220679891148468
0.0027149016171341255
0.002707772875499186
0.0027006814686258125
0.002693627104017099
0.0026866094922232526
0.0026796283468020184
0.002672683384279724
0.002665774324112936
0.002658900888650668
0.0026520628030972473
0.002645259795475677
0.0026384915965915936
0.002631757939997795
0.0026250585619592677
0.0026183932014187793
0.002611761599962982
0.002605163501789023
0.0025985986536716755
0.0025920668049309557
0.002585567707400219
0.0025791011153947505
0.002572666785680821
0.0025662644774451814
0.0025598939522650708
0.00255355497407859
0.0025472473091555717
0.0025409707260688713
0.002534724995666066
0.0025285098910415747
0.002522325187509201
0.0025161706625750463
0.0025100460959108714
0.0025039512693277783
0.0024978859667503326
0.0024918499741910325
0.00248584307972515
0.0024798650734659416
0.002473915747540199
0.0024679948960641823
0.002462102315119862
0.0024562378027315293
0.0024504011588427155
0.0024445921852934587
0.0024388106857978907
0.0024330564659221206
0.0024273293330624606
0.0024216290964239355
0.002415955566999111
0.0024103085575471945
0.002404687882573465
0.0023990933583089543
0.002393524802690424
0.002387982035340641
0.002382464877548883
0.0023769731522517504
0.0023715066840142435
0.0023660652990110543
0.0023606488250081862
0.0023552570913447555
0.0023498899289150954
0.002344547170151066
0.0023392286490046365
0.0023339342009306772
0.002328663662869994
0.0023234168732326086
0.0023181936718812326
0.0023129939001149927
0.002307817400653352
0.0023026640176202714
0.0022975335965285527
0.002292425984264416
0.002287341029072269
0.0022822785805396827
0.002277238489582564
0.002272220608430528
0.0022672247906124583
0.002262250890942258
0.002257298765504796
0.0022523682716420234
0.0022474592679392856
0.0022425716142117982
0.002237705171491313
0.0022328598020129524
0.0022280353692022033
0.0022232317376621037
0.002218448773160567
0.0022136863426178866
0.002208944314094399
0.0022042225567783036
0.0021995209409736327
0.0021948393380883833
0.0021901776206227947
0.0021855356621577828
0.0021809133373435056
0.0021763105218880934
0.002171727092546505
0.002167162927109537
0.0021626179043929537
0.0021580919042267777
0.0021535848074446923
0.0021490964958735914
0.0021446268523232516
0.0021401757605761314
0.002135743105377317
0.0021313287724245575
0.0021269326483584457
0.0021225546207527366
0.0021181945781047367
0.002113852409825869
0.0021095280062322992
0.0021052212585357215
0.002100932058834235
0.002096660300103325
0.002092405876186972
0.0020881686817888637
0.0020839486124637017
0.0020797455646086238
0.0020755594354547337
0.00207139012305872
0.002067237526294589
0.0020631015448454833
0.002058982079195613
0.002054879030622277
0.0020507923011879683
0.0020467217937325958
0.002042667411865776
0.0020386290599592356
0.0020346066431392866
0.0020306000672794056
0.002026609238992888
0.002022634065625599
0.002018674455248799
0.0020147303166520645
0.0020108015593362834
0.002006888093506736
0.0020029898300662524
0.001999106680608457
0.0019952385574110846
0.0019913853734293786
0.001987547042289556
0.0019837234782823683
0.001979914596356708
0.001976120312113314
0.0019723405417985396
0.001968575202298182
0.001964824211131403
0.0019610874864446994
0.0019573649470059572
0.0019536565121985577
0.001949962102015565
0.0019462816370539816
0.0019426150385090384
0.0019389622281686032
0.0019353231284075859
0.0019316976621824669
0.0019280857530258534
0.0019244873250411011
0.0019209023028970023
0.0019173306118225322
0.0019137721776016458
0.0019102269265681496
0.0019066947856006013
0.001903175682117303
0.0018996695440713193
0.001896176299945564
0.0018926958787479405
0.00188922821000653
0.0018857732237648394
0.001882330850577095
0.0018789010215035963
0.0018754836681061065
0.0018720787224433086
0.0018686861170662975
0.001865305785014133
0.0018619376598094344
0.0018585816754540189
0.0018552377664245961
0.0018519058676685022
0.0018485859145994869
0.001845277843093532
0.0018419815894847357
0.0018386970905612185
0.0018354242835610876
0.0018321631061684455
0.001828913496509419
0.001825675393148269
0.0018224487350835057
0.0018192334617440605
0.0018160295129854961
0.0018128368290862642
0.001809655350743984
0.0018064850190717813
0.0018033257755946538
0.0018001775622458686
0.0017970403213634174
0.001793913995686488
0.0017907985283519853
0.0017876938628910845
0.0017845999432258154
0.0017815167136656933
0.0017784441189043754
0.0017753821040163507
0.0017723306144536751
0.0017692895960427263
0.0017662589949810018
0.0017632387578339478
0.0017602288315318147
0.001757229163366554
0.0017542397009887398
0.0017512603924045237
0.001748291185972622
0.0017453320304013343
0.0017423828747455867
0.0017394436684040108
0.0017365143611160537
0.0017335949029591007
0.0017306852443456598
0.0017277853360205392
0.0017248951290580702
0.001722014574859365
0.0017191436251495825
0.0017162822319752404
0.0017134303477015415
0.0017105879250097307
0.0017077549168944787
0.001704931276661293
0.001702116957923951
0.0016993119146019654
0.0016965161009180596
0.0016937294713956837
0.0016909519808565542
0.0016881835844182063
0.0016854242374915725
0.001682673895778603
0.0016799325152698846
0.001677200052242294
0.0016744764632566826
0.0016717617051555554
0.0016690557350608228
0.0016663585103715124
0.001663669988761552
0.001660990128177553
0.0016583188868366126
0.0016556562232241483
0.0016530020960917459
0.001650356464455025
0.001647719287591541
0.001645090525038686
0.0016424701365916226
0.0016398580823012365
0.0016372543224721032
0.0016346588176604805
0.0016320715286723196
0.0016294924165612809
0.0016269214426267958
0.0016243585684121197
0.001621803755702419
0.001619256966522876
0.0016167181631367951
0.0016141873080437585
0.0016116643639777577
0.0016091492939053866
0.0016066420610240139
0.0016041426287599911
0.001601650960766883
0.001599167020923697
0.0015966907733331401
0.001594222182319895
0.0015917612124288995
0.0015893078284236557
0.001586861995284539
0.0015844236782071484
0.0015819928426006376
0.0015795694540860974
0.0015771534784949142
0.0015747448818671848
0.0015723436304501165
0.001569949690696447
0.0015675630292628893
0.0015651836130085783
0.0015628114089935431
0.0015604463844771797
0.0015580885069167514
0.0015557377439658945
0.001553394063473141
0.0015510574334804423
0.0015487278222217342
0.0015464051981214874
0.0015440895297932774
0.0015417807860383787
0.0015394789358443679
0.0015371839483837176
0.001534895793012438
0.0015326144392687042
0.00153033985687151
0.0015280720157193192
0.001525810885888753
0.0015235564376332568
0.0015213086413818086
0.0015190674677376186
0.0015168328874768575
0.0015146048715473743
0.0015123833910674438
0.0015101684173245227
0.0015079599217740001
0.0015057578760379884
0.0015035622519040958
0.0015013730213242226
0.0014991901564133726
0.001497013629448465
0.0014948434128671643
0.0014926794792667112
0.0014905218014027758
0.00148837035218831
0.0014862251046924172
0.0014840860321392244
0.0014819531079067745
0.00147982630552592
0.0014777055986792216
0.0014755909611998735
0.0014734823670706197
0.0014713797904226892
0.0014692832055347381
0.0014671925868318027
0.00146510790888426
0.0014630291464067875
0.0014609562742573636
0.0014588892674362208
0.0014568281010848727
0.0014547727504851007
0.0014527231910579615
0.0014506793983628276
0.0014486413480963973
0.001446609016091738
0.0014445823783173306
0.0014425614108761258
0.0014405460900046
0.0014385363920718236
0.0014365322935785427
0.00143453377115626
0.0014325408015663265
0.0014305533616990429
0.0014285714285727637